107
109
115
64
79
100
110
64
121
97
97
110
122
105
97
114
133
188
200
169
145
141
144
136
120
122
119
115
127
114
124
112
106
110
108
114
103
121
94
110
111
114
97
104
91
88
93
106
106
110
127
132
111
116
100
118
138
121
110
112
116
115
121
118
120
99
109
113
109
113
119
121
121
123
117
107
116
114
129
128
107
112
102
120
102
101
113
89
102
97
112
101
109
117
114
191
190
161
138
104
100
105
114
134
125
100
97
98
83
99
101
100
94
76
78
82
85
107
91
64
62
50
51
76
89
82
74
67
56
69
53
111
101
81
91
81
81
85
102
139
98
89
78
89
103
131
103
90
88
82
90
99
96
91
81
79
81
79
104
114
136
99
95
87
73
94
144
128
104
